$basis
*
yb def2-TZVPP
# yb    (14s15p10d8f3g) / [10s8p5d4f2g]     {5111111111/63111111/61111/5111/21}
*
   5  s
  91972.903000      0.51000000000E-04
  13787.371000      0.38600000000E-03
  3123.6135000      0.18440000000E-02
  871.47540000      0.53560000000E-02
  250.46300000      0.88590000000E-02
   1  s
  58.282700000       1.0000000000
   1  s
  41.630500000       1.0000000000
   1  s
  20.216400000       1.0000000000
   1  s
  4.9972000000       1.0000000000
   1  s
  2.4822000000       1.0000000000
   1  s
 0.91790000000       1.0000000000
   1  s
 0.38530000000       1.0000000000
   1  s
 0.61400000000E-01   1.0000000000
   1  s
 0.25000000000E-01   1.0000000000
   6  p
  1497.5567000     -0.10182934000E-02
  375.04101000     -0.60919401000E-02
  128.69727000     -0.17077693000E-01
  45.270759000     -0.35655508000E-01
  14.906971000      0.23732226000
  5.6450858000     -0.30559689000
   3  p
  12.274108000     -0.15252141000
  10.695631000     -0.20243492000
  2.0359782000     -0.19621046000
   1  p
  3.6752106000       1.0000000000
   1  p
  1.3296961000       1.0000000000
   1  p
 0.55338966000       1.0000000000
   1  p
 0.22382350000       1.0000000000
   1  p
 0.68350467650E-01   1.0000000000
   1  p
 0.25355670803E-01   1.0000000000
   6  d
  469.76060000      0.19840000000E-02
  142.61280000      0.16013000000E-01
  55.126700000      0.63153000000E-01
  23.441500000      0.13780000000
  9.4951000000      0.28549800000
  4.5792000000      0.43830900000
   1  d
  2.1646000000       1.0000000000
   1  d
 0.92380000000       1.0000000000
   1  d
 0.31070000000       1.0000000000
   1  d
 0.91400000000E-01   1.0000000000
   5  f
  142.02930000      0.59570000000E-02
  51.086200000      0.53180000000E-01
  22.874100000      0.17807600000
  10.502500000      0.30060000000
  4.7872000000      0.35034200000
   1  f
  2.1088000000       1.0000000000
   1  f
 0.86090000000       1.0000000000
   1  f
 0.30600000000       1.0000000000
   2  g
  13.839970000      0.23829000000
  3.2969700000      0.77428000000
   1  g
 0.51326000000       1.0000000000
*
fe def2-TZVPP
# fe    (17s12p7d2f1g) / [6s5p4d2f1g]     {842111/63111/4111/11/1}
*
   8  s
  300784.84637      0.22806273096E-03
  45088.970557      0.17681788761E-02
  10262.516317      0.91927083490E-02
  2905.2897293      0.37355495807E-01
  946.11487137      0.12151108426
  339.87832894      0.28818881468
  131.94425588      0.41126612677
  52.111494077      0.21518583573
   4  s
  329.48839267     -0.24745216477E-01
  101.92332739     -0.11683089050
  16.240462745      0.55293621136
  6.8840675801      0.53601640182
   2  s
  10.470693782     -0.22912708577
  1.7360039648      0.71159319984
   1  s
 0.72577288979       1.0000000000
   1  s
 0.11595528203       1.0000000000
   1  s
 0.41968227746E-01   1.0000000000
   6  p
  1585.3959970      0.23793960179E-02
  375.38006499      0.19253154755E-01
  120.31816501      0.90021836536E-01
  44.788749031      0.25798172356
  17.829278584      0.41492649744
  7.2247153786      0.24207474784
   3  p
  28.143219756     -0.29041755152E-01
  3.8743241412      0.55312260343
  1.5410752281      0.96771136842
   1  p
 0.58285615250       1.0000000000
   4  d
  61.996675034      0.11971972255E-01
  17.873732552      0.73210135410E-01
  6.2744782934      0.23103094314
  2.3552337175      0.39910706494
   1  d
 0.85432239901      0.41391589765
   1  d
 0.27869254413      0.21909269782
   1  p
 0.22040000000       1.0000000000
   1  p
 0.83380000000E-01   1.0000000000
   1  d
 0.91000000000E-01   0.0000000000
   1  f
  3.4650000000       1.0000000000
   1  f
 0.84300000000       1.0000000000
   1  g
  2.1280000000       1.0000000000
*
cl def2-TZVPP
# cl    (14s9p3d1f) / [5s5p3d1f]     {73211/51111/111/1}
*
   7  s
  69507.990945      0.54314897497E-03
  10426.156880      0.41990463961E-02
  2373.2334061      0.21592141679E-01
  671.56420071      0.84598850094E-01
  218.41999790      0.24757249724
  77.572249714      0.47016930228
  28.888815277      0.37436370716
   3  s
  127.10527185      0.25182166603E-01
  39.339582961      0.10786112456
  7.6740679989     -0.27408821574
   2  s
  3.8745627630       1.3213875014
  1.8385832573      0.68636955368
   1  s
 0.50229057542       1.0000000000
   1  s
 0.17962723420       1.0000000000
   5  p
  666.50423284      0.23632663836E-02
  157.64241690      0.18879300374E-01
  50.262520978      0.87206341273E-01
  18.536078105      0.25285612970
  7.2940532777      0.43507154820
   1  p
  2.9433248995      0.35026513165
   1  p
  1.0404970818       1.0000000000
   1  p
 0.38456415080       1.0000000000
   1  p
 0.13069642732       1.0000000000
   1  d
  4.6100000000       1.0000000000
   1  d
  1.0110000000       1.0000000000
   1  d
 0.33900000000       1.0000000000
   1  f
 0.70600000000       1.0000000000
*
o def2-TZVPP
# o     (11s6p2d1f) / [5s3p2d1f]     {62111/411/11/1}
*
   6  s
  27032.382631      0.21726302465E-03
  4052.3871392      0.16838662199E-02
  922.32722710      0.87395616265E-02
  261.24070989      0.35239968808E-01
  85.354641351      0.11153519115
  31.035035245      0.25588953961
   2  s
  12.260860728      0.39768730901
  4.9987076005      0.24627849430
   1  s
  1.1703108158       1.0000000000
   1  s
 0.46474740994       1.0000000000
   1  s
 0.18504536357       1.0000000000
   4  p
  63.274954801      0.60685103418E-02
  14.627049379      0.41912575824E-01
  4.4501223456      0.16153841088
  1.5275799647      0.35706951311
   1  p
 0.52935117943      0.44794207502
   1  p
 0.17478421270      0.24446069663
   1  d
  2.3140000000       1.0000000000
   1  d
 0.64500000000       1.0000000000
   1  f
  1.4280000000       1.0000000000
*
s def2-TZVPP
# s     (14s9p3d1f) / [5s5p3d1f]     {73211/51111/111/1}
*
   7  s
  60700.928104      0.54695944225E-03
  9102.6106854      0.42297224557E-02
  2071.4166009      0.21747824159E-01
  586.02476821      0.85100053589E-01
  190.55395021      0.24799128459
  67.630384260      0.46703640406
  25.127306905      0.36434587550
   3  s
  112.57463010      0.21670040240E-01
  34.795554217      0.93602301760E-01
  6.5115556215     -0.26068001422
   2  s
  3.2399032261       1.2842089435
  1.5477160881      0.66036416584
   1  s
 0.40541030112       1.0000000000
   1  s
 0.14550651059       1.0000000000
   5  p
  564.36716027      0.24796796317E-02
  133.42624379      0.19677930250E-01
  42.468271189      0.89980008258E-01
  15.616527580      0.25705880575
  6.1093988469      0.43515167292
   1  p
  2.4404160198      0.34883240595
   1  p
 0.83882201296       1.0000000000
   1  p
 0.31288746900       1.0000000000
   1  p
 0.10770109004       1.0000000000
   1  d
  3.7560000000       1.0000000000
   1  d
 0.81200000000       1.0000000000
   1  d
 0.27300000000       1.0000000000
   1  f
 0.55700000000       1.0000000000
*
c def2-TZVPP
# c     (11s6p2d1f) / [5s3p2d1f]     {62111/411/11/1}
*
   6  s
  13575.349682      0.22245814352E-03
  2035.2333680      0.17232738252E-02
  463.22562359      0.89255715314E-02
  131.20019598      0.35727984502E-01
  42.853015891      0.11076259931
  15.584185766      0.24295627626
   2  s
  6.2067138508      0.41440263448
  2.5764896527      0.23744968655
   1  s
 0.57696339419       1.0000000000
   1  s
 0.22972831358       1.0000000000
   1  s
 0.95164440028E-01   1.0000000000
   4  p
  34.697232244      0.53333657805E-02
  7.9582622826      0.35864109092E-01
  2.3780826883      0.14215873329
 0.81433208183      0.34270471845
   1  p
 0.28887547253      0.46445822433
   1  p
 0.10056823671      0.24955789874
   1  d
  1.0970000000       1.0000000000
   1  d
 0.31800000000       1.0000000000
   1  f
 0.76100000000       1.0000000000
*
h def2-TZVPP
# h     (5s2p1d) / [3s2p1d]     {311/11/1}
*
   3  s
  34.061341000      0.60251978000E-02
  5.1235746000      0.45021094000E-01
  1.1646626000      0.20189726000
   1  s
 0.32723041000       1.0000000000
   1  s
 0.10307241000       1.0000000000
   1  p
  1.4070000000       1.0000000000
   1  p
 0.38800000000       1.0000000000
   1  d
  1.0570000000       1.0000000000
*
$ecp
*
yb ecp-28-mwb
*
  ncore =    28           lmax =     5
#        coefficient   r^n          exponent
h
           0.0000000    2           1.0000000
s-h
         891.0137770    2          32.4244840
p-h
         264.0369530    2          18.6562320
d-h
          73.9239190    2          10.4902220
f-h
         -39.5921730    2          20.7741830
g-h
         -34.6386380    2          28.4310280
*
$end
