$coord
   -1.15874749061861     -1.70690815999451     -2.37098215132190      yb
    4.50202537125916     -4.12808493001021      4.12268372498505      fe
   -1.31773681400849     -2.99402642968357     -7.00224551296558      cl
   -4.81100431340858     -0.62374195221163     -1.10437640695618      o
    1.10369246468199      1.58769771675826     -2.82453611101999      o
   -0.68908740885131     -0.86295471309218      3.17997292504373      s
    3.97395665030645     -3.74696636703252     -2.19200003607153      s
    0.81740607958950     -3.42167892755069      4.69743060690301      c
    1.14479323219302     -5.93458889091764      3.69916299378946      c
    2.70353559204542     -7.31175767740016      5.41562137491242      c
    3.34243353439069     -5.68057600017069      7.47924834940139      c
    2.18160310926872     -3.28007660122757      7.05272367597650      c
    5.73958673387903     -3.29261116144617      0.60447177911000      c
    5.79111540037085     -1.07990765162302      2.19093963873479      c
    7.42584214740267     -1.59894006560020      4.27007915803438      c
    8.37365553725380     -4.11915537806123      4.00752484094435      c
    7.34901917524046     -5.17041620186077      1.74241620355529      c
   -4.07090760146351     -1.42441924354786      4.05646408758673      c
   -5.77918564972735      0.60606054846083      3.07485102180160      c
   -6.15168129923600      0.83735352858105      0.42736409805435      c
   -7.94661974732514      2.62611035459305     -0.49924663575075      c
   -9.17667626747724      4.13586001524766      1.27330371298063      c
   -8.76232249454491      4.00321933267606      3.89624528755984      c
   -7.04071815751428      2.20075186039147      4.75509412126364      c
  -10.21647822759570      5.77655215920351      5.66737941551856      c
   -9.51673287697502      5.36279226063214      8.45961878617991      c
  -13.08737448615067      5.31249974328694      5.36499327936601      c
   -9.61591051773485      8.55308673986623      4.97654146176482      c
   -8.48051429269869      2.88025102086447     -3.34180637980362      c
  -10.65140721982144      4.74704556329703     -3.87748092750304      c
   -9.25333890858865      0.29679935445656     -4.47808137887848      c
   -6.10188550040314      3.89191680410449     -4.70327826769533      c
    5.25587094365239     -1.25930294446860     -4.38306762920407      c
    5.53486850362950      1.27913732761234     -3.19102718369416      c
    3.32510660018953      2.66114349408739     -2.49909543608129      c
    3.60331216651089      5.12052031178005     -1.42360218547547      c
    6.05568818466370      5.96016120124332     -0.90621654910817      c
    8.24396553059992      4.56240506806572     -1.43952636859871      c
    7.92190843252902      2.22061083930764     -2.62995491357075      c
   10.90568121102743      5.48385832250915     -0.76180838657034      c
   12.12417441523814      3.58906543701617      1.10373235207061      c
   12.54099672864040      5.63495600081111     -3.17975265209463      c
   10.88760431143292      8.10848409454076      0.49016385237702      c
    1.29748317435961      6.83056289540791     -0.98326924113254      c
   -0.64331289184144      5.61239290852763      0.83041283195174      c
    0.03264013788020      7.33181487802482     -3.57401513540253      c
    2.04638678770572      9.40453087330101      0.15366217577956      c
   -4.54810410432051     -3.26794331867069      3.26475311760209      h
   -4.12455276044996     -1.51516821437932      6.11648388828227      h
   -9.95948407190517      3.43777634533405      9.07889720862291      h
  -10.59728804300826      6.67042090211070      9.64555223932989      h
   -7.50529033569422      5.71408524808419      8.80045261826814      h
  -13.56302703020144      3.35748064014181      5.84729224026449      h
  -13.70793177163418      5.66003818969725      3.42334632270481      h
  -14.15575369376957      6.57380088762466      6.61419899354297      h
  -10.66720667624405      9.84252707792497      6.21127438116248      h
  -10.13704154374287      8.97475873117808      3.02051605256537      h
   -7.59485864056163      8.93778732693507      5.19621174786212      h
  -12.41767736680377      4.15093665304483     -2.97561924687912      h
  -10.97775268337800      4.82929747176297     -5.91912322106681      h
  -10.20134805841813      6.66465330374334     -3.23997629489785      h
  -10.93100703538831     -0.44293235270466     -3.51532948336090      h
   -7.73015528272038     -1.08087475778415     -4.31529548457863      h
   -9.70940493714402      0.53145882665072     -6.48459466488413      h
   -4.48758374042434      2.63497830225873     -4.45397532954011      h
   -5.58999782421922      5.75511642642300     -3.96913313693249      h
   -6.46344696714123      4.06441892608554     -6.73483688826878      h
    3.82714036310774     -1.28756459641472     -5.88048047420376      h
    7.05310743630979     -1.96880956797244     -5.10285303811237      h
   12.23144333084464      1.69062354809572      0.29110038120701      h
   11.01397118828691      3.46937781472860      2.84563414437612      h
   14.04552250812844      4.19267501616093      1.59040729283145      h
   12.69441992248993      3.79356464309266     -4.10832413282195      h
   14.45501483069953      6.27462166245114     -2.71183421844810      h
   11.71842907087593      6.96587211179838     -4.53309418475963      h
   10.08588312253432      9.54625188879233     -0.76420357918109      h
   12.82764000498829      8.67171881143575      0.94027524707137      h
    9.80493435504788      8.10505005267102      2.25438506157972      h
   -1.43770717742634      3.88879937275637      0.03547790490620      h
   -2.20292939728787      6.93135141590416      1.17458656468545      h
    0.22905670168629      5.15198747838725      2.64851319655888      h
   -0.55695926160153      5.56634778380430     -4.46150890086104      h
    1.34876322358330      8.30299858235230     -4.84234979629859      h
   -1.63603214805221      8.53386742333959     -3.32496179992128      h
    3.35128668356361     10.44480147059626     -1.07110513203413      h
    2.91927038950804      9.19819177320124      2.02060957462339      h
    0.34298745285087     10.55763329365719      0.37961797172401      h
    6.27387521613489      7.80247516639438     -0.04610799719228      h
    9.55890985046581      1.07263370246304     -3.10757295989854      h
   -6.67101030161701      1.98291834759867      6.76189560385878      h
  -10.53917646407317      5.50754630190918      0.59424318522277      h
    2.33203199652654     -1.61718298732738      8.22969844936662      h
    7.82185734830538     -0.32221587766741      5.81575408092078      h
    4.74697729811446      0.64370503560271      1.86782227839824      h
    7.67038658704924     -7.04852502112482      1.00611305896172      h
    0.38467912674137     -6.58195496658431      1.91791665376628      h
    3.34245276414322     -9.23775165629538      5.17102239574053      h
    9.61346486917927     -5.07722123158232      5.31969767895269      h
    4.54407296402330     -6.16519808313472      9.05984908466822      h
   -2.28304050471948     -6.07165896845161     -1.51577756034013      o
   -1.35146134499686     -8.13269998631856     -3.10830821168019      c
   -3.71889516989125     -9.08647831928989     -4.41895439572966      c
   -5.68730674497806     -8.99724695792316     -2.27645318778428      c
   -4.84143095671384     -6.73863039429060     -0.65434868925592      c
    0.04788965439582     -7.31894489756563     -4.38042293240728      h
   -0.47863412653631     -9.56550533761791     -1.88518934006577      h
   -3.48484729353611    -10.97964893972075     -5.21044538667174      h
   -4.20344578485994     -7.76949016849100     -5.93565185075515      h
   -5.63223592065865    -10.74252090392262     -1.16873299649897      h
   -7.61125988899505     -8.74466111242592     -2.97938264044378      h
   -4.72714564569755     -7.20400303927318      1.35851327983584      h
   -5.99596055783526     -5.05000479676401     -0.90971899103944      h
$user-defined bonds
$end
