$coord
    0.46735620607852     -1.52719333765067      2.43210855967044      yb
   -5.17507030147626     -3.95146128897596     -4.03797827466373      fe
    0.10914293639812     -2.00804629308334      7.20030415632037      cl
    4.34968817092485     -1.54194707887237      1.41356478018658      o
   -1.02875111198297      2.18826216955446      2.05633219819843      o
    0.52501225992805     -1.67029115015094     -3.21503114504151      s
   -4.94573849990384     -2.48973197022379      2.14520897298128      s
   -1.39859955633062     -4.11581199885817     -4.41112569703837      c
   -2.29405868699195     -6.28644856056092     -3.03526820796166      c
   -4.02979897768633     -7.61360967951979     -4.61521884254234      c
   -4.21310230454672     -6.29216994048609     -6.97081468847946      c
   -2.59089179182012     -4.13600276734224     -6.86164509692018      c
   -6.40232120978083     -2.23107810408208     -0.84666193968861      c
   -5.88597491828835     -0.39669600009195     -2.79098798921221      c
   -7.47420470606148     -0.96182447579370     -4.89410741078048      c
   -8.95471141082649     -3.14374857358414     -4.28936623370434      c
   -8.30936974363870     -3.92956095032099     -1.78932469300944      c
    3.76842578839126     -3.03139381216471     -3.59775572253327      c
    5.75320467969520     -1.17896203849486     -2.80375463264792      c
    6.01131577728175     -0.58870576579635     -0.19744221624259      c
    8.03283959203273      1.01194697843333      0.59896065933646      c
    9.55712079065102      2.05359116941973     -1.27749461652122      c
    9.24539045630567      1.60366035941651     -3.88000270609799      c
    7.32477742485391     -0.05394899705773     -4.59784081813300      c
   10.99724847876259      2.91738402736762     -5.77625874144233      c
   10.38780174996703      2.19092313456924     -8.52504075560716      c
   13.77196588227134      2.17902983087352     -5.22718469921740      c
   10.70303269872800      5.81436558989129     -5.50812234503325      c
    8.48717109970340      1.57108615173414      3.41174980898518      c
   10.92768914367241      3.10483969044100      3.83114240577898      c
    8.75579792528973     -0.92585491174312      4.91357999194704      c
    6.27392395310912      3.14169324895683      4.49410830517840      c
   -5.76659150115517      0.58231611677540      3.73803276816264      c
   -5.43876635881931      2.84840015860082      2.09540927119510      c
   -2.95698095948876      3.60184357511561      1.35996850109833      c
   -2.65803963343884      5.81155292599479     -0.15901353709768      c
   -4.85019617329795      7.01090716994188     -1.02270394789433      c
   -7.30748224420458      6.20873361815091     -0.43587826950284      c
   -7.54362833743816      4.12348278236542      1.17572887822683      c
   -9.68026770520820      7.49036700073870     -1.49542024831834      c
  -11.17911435308562      5.54874564613657     -3.08923383276888      c
  -11.36234810374203      8.42607523665169      0.70396881650281      c
   -9.05022622293393      9.76656371761232     -3.19215013430470      c
   -0.02225299481701      6.89480561711393     -0.72128295028903      c
    1.66372772573619      4.97923941179278     -2.14494987860817      c
    1.24126965276542      7.59789026860033      1.82220382463057      c
   -0.15554955642193      9.30733354299895     -2.34580668627324      c
    3.79684760700872     -4.73810390970735     -2.43689896781415      h
    3.95811278783098     -3.53309630827807     -5.58938110240498      h
   10.61443490372472      0.15794719391502     -8.84341111064816      h
   11.67974609181688      3.17822730277866     -9.80548753257527      h
    8.45532883694754      2.72340173636296     -9.04152941648181      h
   14.03156712560563      0.13452703487333     -5.41155505714358      h
   14.33521061304327      2.72414323339096     -3.31394205741405      h
   15.04410259892914      3.12374534644869     -6.56188928838110      h
   11.95161121876234      6.79074579906417     -6.84233540621096      h
   11.18538225276526      6.44732775477582     -3.59956428143069      h
    8.75261244084734      6.38639302507280     -5.89609767956517      h
   12.59275434017550      2.11254371417995      3.10258004713145      h
   11.19820041777336      3.39383391271537      5.86211439811284      h
   10.83337256018216      4.97253466802306      2.94280897771350      h
   10.33324280790274     -2.04692691331331      4.17667688874758      h
    7.03248094512267     -2.05033754768447      4.80594598566794      h
    9.13660667982147     -0.50019550708095      6.90420514215924      h
    4.48251328594358      2.13084475481822      4.36544688586419      h
    6.08824610494277      4.92840819595804      3.47255999652200      h
    6.61525067198822      3.56134802422562      6.49293872441599      h
   -4.45185770985339      0.55122927144137      5.33658417652650      h
   -7.70630963687768      0.40112336397200      4.41332712264629      h
  -11.72114099203127      3.90247237992286     -1.96110330094893      h
  -10.03709073698567      4.87741239276977     -4.67872252744238      h
  -12.90569888408123      6.41305382955994     -3.84058327069771      h
  -11.93878390007638      6.86703126585128      1.93408056159415      h
  -13.07752131612928      9.32215762426463     -0.03595308953325      h
  -10.34761644067559      9.80959838921175      1.85981575237817      h
   -8.02405392893037     11.23253507497005     -2.15221548301069      h
  -10.80428439859829     10.60445678242689     -3.90278320865408      h
   -7.90979087368875      9.20739310058712     -4.82657438887783      h
    2.04057948665478      3.31370634357925     -0.99657310742778      h
    3.48219848659650      5.85497251672021     -2.61097188764316      h
    0.76841439726864      4.36808793769078     -3.90660959196970      h
    1.39233856381813      5.94852809485367      3.05011207961173      h
    0.13886774690670      9.05161851108082      2.79952061361822      h
    3.14402189219920      8.34384328125414      1.48169756014791      h
   -1.24569467727154     10.80542489017138     -1.42250686830807      h
   -0.98769081160279      8.93935560315368     -4.20636598896560      h
    1.76405950603063     10.01999058907829     -2.64546921101684      h
   -4.63258892963498      8.65801082223730     -2.21488032397179      h
   -9.40679510782475      3.43871316924067      1.71057681814349      h
    7.02540047854463     -0.51301660280362     -6.57548611344862      h
   11.07858883055721      3.30061646607715     -0.70403710049299      h
   -2.33338302081271     -2.71930175590935     -8.31072006322509      h
   -7.49829146113122      0.05068063558831     -6.66893794230195      h
   -4.51571015001231      1.11144747027526     -2.67402075020030      h
   -9.07072841895457     -5.52780377369249     -0.77018053765487      h
   -1.73716426676664     -6.75242935225180     -1.12837027858229      h
   -5.07015186010434     -9.29705779190409     -4.10404344262020      h
  -10.29470643841083     -4.06495306886286     -5.52741491332467      h
   -5.41696866633667     -6.80613828108834     -8.54041432558630      h
    0.64373665564560     -6.11095732793928      2.51973596439594      o
   -1.17295191965583     -7.62851788130891      3.99055166925456      c
    0.28839700771790     -9.96140042646689      4.90861717018231      c
    2.68378466624827     -9.97150007140472      3.25782638580759      c
    3.17025182321241     -7.16222338825029      2.92646684127180      c
   -1.86953877284022     -6.44952473308850      5.53407337135533      h
   -2.72255718941557     -8.08823561886993      2.70352842269180      h
   -0.82511897099793    -11.68938815270923      4.71692205286868      h
    0.79955710504385     -9.73759215932516      6.89813277942974      h
    2.31455781693046    -10.84702652935616      1.41943597933346      h
    4.26892462532662    -10.94952839547742      4.14952557598558      h
    4.30259139439557     -6.63362294744491      1.29109814262975      h
    3.98057641875998     -6.29904883590234      4.62696675621553      h
$user-defined bonds
$end
