$coord
   -0.97578467755336     -2.58680363072442     -1.84344143835079      yb
    4.90233534882473     -2.28775909330956      4.87895600485523      fe
   -0.88718912574719     -5.28268126119369     -5.83319797492049      cl
   -4.74877717351033     -1.50975940418505     -0.93434594873345      o
    0.99155501345669      0.59712317332608     -3.31115608208891      o
   -0.57653737296870     -0.03082435294372      3.13117555830983      s
    4.30972483417301     -4.03508332232643     -1.18067095902691      s
    1.16314265879268     -1.82342271978799      5.33835090851248      c
    1.76407914315836     -4.47492787181368      5.17632845907444      c
    3.47009679995256     -5.06089343500956      7.18140308870978      c
    3.92913725305704     -2.79905839441947      8.59604288531369      c
    2.50902082596606     -0.79560368914294      7.47413337621205      c
    6.03474696018020     -2.51454972253134      1.23697151753364      c
    5.83800531222150      0.08624596925195      2.01593733414429      c
    7.52081653127896      0.45220468436338      4.08883665942880      c
    8.74804036311228     -1.89938458122757      4.62170637402041      c
    7.84795752869118     -3.73568413067695      2.85971148543216      c
   -3.91282666101573     -0.54297482131086      4.18270299191301      c
   -5.70400561365166      1.00249966789587      2.63207979263887      c
   -6.12790339805667      0.32854933456172      0.06861607063537      c
   -8.01560029756994      1.64525227357879     -1.34014733685742      c
   -9.20835471766704      3.67517413390620     -0.16031190663581      c
   -8.69612712850993      4.47418455043681      2.32367634715125      c
   -6.94162800356437      3.07123667725304      3.70211425616006      c
  -10.07063963437929      6.78721136576950      3.39740867873478      c
   -9.23597042995608      7.39978958840413      6.11490253109163      c
  -12.95308221243812      6.30063630114419      3.41048474970933      c
   -9.49644920274799      9.11311400806020      1.72089018595202      c
   -8.70074389879610      0.84508832518412     -4.04625898307426      c
  -10.96271551645475      2.35885010024500     -5.08351762838731      c
   -9.44293940272728     -1.98502622761430     -4.09976196617443      c
   -6.44478957405879      1.30721948189070     -5.84330591391100      c
    5.33009624411100     -2.32485688316365     -4.12149436278163      c
    5.41539761681551      0.48129370614158     -3.86688756120858      c
    3.12149787170933      1.86265459568412     -3.54560571450872      c
    3.22328914884057      4.55634608640408     -3.41883391834481      c
    5.60826632875533      5.69586987759433     -3.42247799591661      c
    7.88816469843194      4.35403357331324     -3.58272971393473      c
    7.72780484209908      1.72463789132893     -3.83666314405229      c
   10.48387802468830      5.63190948173886     -3.44616009445795      c
   11.86504725908851      4.69581706802074     -1.04261289937392      c
   12.06597210861941      4.92387626451951     -5.79921487705086      c
   10.29150283441273      8.53077923363411     -3.32093730578562      c
    0.79109338827952      6.14157831226118     -3.38442177476457      c
   -0.86641700151578      5.51885353796801     -1.05857179603855      c
   -0.71146045385755      5.58340716656858     -5.83139821839765      c
    1.34803584198793      8.99851271349759     -3.31903752121037      c
   -4.26930242614049     -2.56436196832876      3.98145563539730      h
   -3.98579593835809     -0.00937547287658      6.17372813069826      h
   -9.65896499415530      5.84307324552361      7.41244286527518      h
  -10.24758162060001      9.07454447245164      6.78969546483791      h
   -7.20777189177237      7.80177626318265      6.21335993508738      h
  -13.41064816703297      4.67087438895999      4.60030523959233      h
  -13.66377953409478      5.92036130360441      1.50613797842379      h
  -13.95793150214892      7.95441336810384      4.15070520887618      h
  -10.46186787122525     10.78914815285980      2.46314670773341      h
  -10.13309302275680      8.81792122094245     -0.22414934537391      h
   -7.46292951921696      9.49325792175958      1.67600251042967      h
  -12.64892140014070      2.12550203605691     -3.90478165560426      h
  -11.41563828112361      1.67419506970159     -6.98289376175154      h
  -10.53930068792817      4.38002538875720     -5.23373510194505      h
  -11.05613845118721     -2.33375180300491     -2.84903117307732      h
   -7.87025379233256     -3.17818538271380     -3.50731856139189      h
   -9.98598085875971     -2.52514137283952     -6.02397349465284      h
   -4.79318164649991      0.20204909719294     -5.29621812624380      h
   -5.92201465853258      3.30622875551875     -5.84538291857384      h
   -6.95637353302293      0.76287971825168     -7.77479645805265      h
    3.88567654859827     -2.96316238696665     -5.45951418876214      h
    7.16927317883505     -3.09447366895286     -4.64784762143824      h
   12.09226870185105      2.64017211201795     -1.05842286561073      h
   10.79189501724791      5.20026132981398      0.65332216224655      h
   13.74613501730164      5.55443547728008     -0.90963443087735      h
   12.35231692448477      2.88090359672185     -5.93783596599755      h
   13.93050788012939      5.82146158650308     -5.70393911713823      h
   11.12331889816940      5.55554400251815     -7.52889714652072      h
    9.34174288129008      9.30211275187241     -4.99024371242853      h
   12.19223354358684      9.34560198946409     -3.23854166445925      h
    9.26359017629173      9.15787108944335     -1.63749135820964      h
   -1.51969605913427      3.56814490917577     -1.10306671339754      h
   -2.53280646685535      6.74944649174951     -1.03287824210194      h
    0.18482709296487      5.81472728735063      0.69882486616133      h
   -1.17428705480852      3.58003446764870     -5.97165775618585      h
    0.39188856061138      6.12490894866788     -7.49673170376621      h
   -2.47453855751128      6.67140884139259     -5.83891939439559      h
    2.44957761633515      9.60962304527599     -4.96187939377351      h
    2.36718693305613      9.54912578490164     -1.60215716226110      h
   -0.44511227300393     10.03130554742978     -3.34449629655125      h
    5.69537044981876      7.73467097069436     -3.28961068792412      h
    9.43987068757176      0.59772803417267     -3.99283692505204      h
   -6.51304223871158      3.55608127686894      5.64967419764927      h
  -10.61833189177175      4.71663793906914     -1.22174457850256      h
    2.47704597089870      1.16245731415841      8.05513667551482      h
    7.77060393864024      2.19787249145751      5.12124441273301      h
    4.60432375475904      1.48601517522375      1.18839501489403      h
    8.37927619338224     -5.70552869421271      2.76022330785005      h
    1.07232995036238     -5.73472814305905      3.72619326749345      h
    4.31765037971829     -6.88643589675141      7.53699188352287      h
   10.08954428565884     -2.23797793138200      6.12589669068923      h
    5.18021833288376     -2.62625006196262     10.20294421332255      h
   -1.77155619956936     -6.53485048599267      0.36595853861230      o
   -0.59514160773061     -8.89764443980709     -0.44951765400349      c
   -2.77947859922056    -10.37766662562841     -1.57949920811279      c
   -4.96926803952657     -9.77992780101286      0.25053131181596      c
   -4.30175744423568     -7.15727465976950      1.32826760422805      c
    0.87601974071646     -8.39899650603627     -1.80074379934198      h
    0.23170380127000     -9.82940862350358      1.21220913382266      h
   -2.38393538034211    -12.40019513020182     -1.71488196162127      h
   -3.16244907628209     -9.63081643062706     -3.46624080484079      h
   -5.06116654572176    -11.17990502690011      1.76857068010203      h
   -6.79575466221327     -9.75796391168187     -0.70970885451856      h
   -4.20843563812378     -7.15641837088864      3.39634260471798      h
   -5.54550206302609     -5.64372993509726      0.68937730054177      h
$user-defined bonds
$end
