$jbas
*
yb def2-TZVPP
# yb    (18s7p6d6f6g3h5i) / [14s7p6d6f5g2h2i]
# {51111111111111/1111111/111111/111111/21111/21/41}
*
   5  s
  4991.9400553      0.48226500000E-01
  2356.2469336     -0.11211530000
  1127.6960751      0.16947700000
  546.85393610     -0.22566450000
  268.49318280      0.13060160000
   1  s
  133.36421400      0.36726090000
   1  s
  66.963519300      -2.1296792000
   1  s
  33.959931700       6.6418788000
   1  s
  17.380014200      -26.214656100
   1  s
  8.9681471000       26.622942400
   1  s
  4.6615379000       9.8341640000
   1  s
  2.4385144000      0.92904280000
   1  s
  1.2825634000       3.1984374000
   1  s
 0.67759570000      0.92420300000
   1  s
 0.35923290000      0.31552200000E-01
   1  s
 0.19092640000     -0.23974000000E-02
   1  s
 0.10162670000      0.72424400000E-01
   1  s
 0.54121100000E-01  0.54346000000E-02
   1  p
  7.8788244000     -0.68665000000E-02
   1  p
  3.5921963000     -0.48690000000E-02
   1  p
  1.6442492000     -0.24708200000E-01
   1  p
 0.75493410000      0.54535100000E-01
   1  p
 0.34738070000     -0.16932300000E-01
   1  p
 0.16005770000      0.90075000000E-02
   1  p
 0.73780000000E-01  0.45614000000E-02
   1  d
  15.406968500      0.28581000000E-02
   1  d
  5.9343197000     -0.49625000000E-02
   1  d
  2.2910637000      0.98722000000E-02
   1  d
 0.88611990000     -0.90055000000E-02
   1  d
 0.34317240000      0.22809000000E-02
   1  d
 0.13300600000      0.75549000000E-02
   1  f
  21.885641300     -0.40962000000E-02
   1  f
  8.3719928000      0.34080000000E-03
   1  f
  3.2101703000      0.30153000000E-02
   1  f
  1.2330034000     -0.86904000000E-02
   1  f
 0.47407080000      0.22034000000E-02
   1  f
 0.18233490000      0.29472000000E-02
   2  g
  64.201460100     -0.25310000000E-03
  18.425414100     -0.17340000000E-03
   1  g
  5.3702351000      0.20470000000E-03
   1  g
  1.5827847000     -0.39360000000E-03
   1  g
 0.46966490000     -0.18952000000E-02
   1  g
 0.13968120000     -0.30720000000E-03
   2  h
  9.8648260000      0.55220000000E-03
  2.5610769000     -0.50640000000E-03
   1  h
 0.66709410000      0.31460000000E-03
   4  i
  32.459070500     -0.55575000000E-03
  8.4590705000     -0.34314000000E-03
  2.6503623000     -0.38100000000E-04
 0.83500800000     -0.27200000000E-05
   1  i
 0.26395150000     -0.12890000000E-04
*
cl def2-TZVPP
# cl    (14s5p5d2f1g) / [8s4p3d1f1g]     {71111111/2111/311/2/1}
*
   7  s
  8044.2766240      0.83066050000
  2924.5123954       1.6146203000
  1110.8168739       5.0051398000
  439.90507610       9.9863273000
  181.19872870       11.344397000
  77.414830200       2.6726629000
  34.197727300      -1.6043227000
   1  s
  15.564839700       5.7539291000
   1  s
  7.2707873000       6.0638907000
   1  s
  3.4711900000     -0.31993260000
   1  s
  1.6860808000     -0.39473200000
   1  s
 0.82931250000      0.93340360000
   1  s
 0.41101240000      0.48641750000
   1  s
 0.20421900000      0.78177800000E-01
   2  p
  12.256499300      0.56308600000E-01
  4.8922575000     -0.56300700000E-01
   1  p
  1.9265460000      0.46922200000E-01
   1  p
 0.75259890000     -0.71758000000E-02
   1  p
 0.29321890000     -0.16232500000E-01
   3  d
  28.437050400     -0.26540400000E-01
  7.2772298000      0.13484800000E-01
  2.3111621000     -0.13645200000E-01
   1  d
 0.85809430000     -0.13160800000E-01
   1  d
 0.33762270000     -0.45372000000E-02
   2  f
  1.2035685000       1.0000000000
 0.47000000000       1.0000000000
   1  g
 0.75211000000     -0.26699000000E-02
*
o def2-TZVPP
# o     (12s5p4d2f1g) / [6s4p3d1f1g]     {711111/2111/211/2/1}
*
   7  s
  2876.8216605      0.14435580000
  1004.7443032      0.29200410000
  369.75799540       1.0258517000
  142.94424040       2.2875516000
  57.836642500       3.6080237000
  24.386498300       2.3737865000
  10.662266200      0.48941400000E-01
   1  s
  4.8070437000     -0.12951860000
   1  s
  2.2210770000      0.77471580000
   1  s
  1.0447795000      0.76478160000
   1  s
 0.49684250000      0.23698030000
   1  s
 0.23713840000      0.20809900000E-01
   2  p
  64.261338200     -0.12665900000E-01
  16.300607600     -0.37874400000E-01
   1  p
  4.3550542000      0.63807800000E-01
   1  p
  1.2019554000      0.16951600000E-01
   1  p
 0.33541960000      0.65743000000E-02
   2  d
  9.2146611000     -0.59791400000E-01
  2.8435251000     -0.84672400000E-01
   1  d
 0.99557590000     -0.46606600000E-01
   1  d
 0.36494410000     -0.96978000000E-02
   2  f
  2.6420115000       1.0000000000
 0.73456130000       1.0000000000
   1  g
  1.3931000000     -0.16533000000E-02
*
s def2-TZVPP
# s     (14s5p5d2f1g) / [8s4p3d1f1g]     {71111111/2111/311/2/1}
*
   7  s
  7399.0303145      0.72279330000
  2710.1675859       1.3706745000
  1034.3279062       4.3217500000
  410.46454110       8.7624644000
  168.97625020       10.528990900
  71.968788900       3.0836598000
  31.617268300      -1.5821203000
   1  s
  14.279683600       4.4920092000
   1  s
  6.6060948000       5.6247567000
   1  s
  3.1181477000      0.23311330000
   1  s
  1.4954039000     -0.45274010000
   1  s
 0.72547790000      0.67316170000
   1  s
 0.35442160000      0.40156530000
   1  s
 0.17355250000      0.61036900000E-01
   2  p
  12.699879900      0.45797100000E-01
  4.4295784000     -0.39496800000E-01
   1  p
  1.5232889000      0.35733800000E-01
   1  p
 0.51946670000     -0.40859000000E-02
   1  p
 0.17665470000     -0.36880000000E-02
   3  d
  16.854646100      0.26323600000E-01
  5.0810461000     -0.19077300000E-01
  1.5102323000      0.21366800000E-01
   1  d
 0.44513310000      0.21936900000E-01
   1  d
 0.13083620000      0.16925000000E-02
   2  f
  1.0809860000       1.0000000000
 0.41614740000       1.0000000000
   1  g
 0.67071000000     -0.44361000000E-02
*
c def2-TZVPP
# c     (12s5p4d2f1g) / [6s4p3d1f1g]     {711111/2111/211/2/1}
*
   7  s
  1861.0916331      0.74417100000E-01
  642.99397640      0.16539570000
  235.11057250      0.55764840000
  90.702889400       1.3108298000
  36.779455200       2.1694681000
  15.604627300       1.7668846000
  6.8907294000      0.29307690000
   1  s
  3.1478850000     -0.17087020000
   1  s
  1.4777287000      0.16415530000
   1  s
 0.70764660000      0.41499410000
   1  s
 0.34301220000      0.16243660000
   1  s
 0.16694530000      0.20767500000E-01
   2  p
  13.547289200     -0.20647700000E-01
  5.4669419000     -0.11528200000E-01
   1  p
  2.1751721000      0.45591400000E-01
   1  p
 0.85821940000      0.28360000000E-02
   1  p
 0.33767200000      0.18187500000E-01
   2  d
  5.9287253000     -0.22594800000E-01
  1.9809209000     -0.47682700000E-01
   1  d
 0.80554170000     -0.36537200000E-01
   1  d
 0.35312440000     -0.14541700000E-01
   2  f
  1.6755626000      0.88798000000E-02
 0.59975360000      0.69903000000E-02
   1  g
  1.0024600000     -0.22192000000E-02
*
h def2-TZVPP
# h     (5s2p1d) / [3s1p1d]     {311/2/1}
*
   3  s
  15.675292700      0.18688600000E-01
  3.6063578000      0.63167000000E-01
  1.2080016000      0.12046090000
   1  s
 0.47267940000      0.59248500000E-01
   1  s
 0.20181000000      0.51272000000E-02
   2  p
  2.0281365000       1.0000000000
 0.53587300000       1.0000000000
   1  d
  2.2165124000      0.33116000000E-02
*
$end
