$coord
   -0.66247656609039     -0.10661834841741      1.35494856611546      yb
   -0.26766988014736      1.56789840252330      5.83541250430632      cl
   -4.51692563700705     -1.17533992376057      0.84163205211861      o
    2.00016985391385     -3.00766751508594      0.60385102535204      o
   -2.71617064504687      4.45839892894545     -0.81819415683766      s
    3.98003894689995      2.76089365959819      0.47047321002990      s
   -5.79680842297328      4.04395080752244      0.88441828635634      c
   -7.35829989801564      2.09226962542491     -0.43958204590823      c
   -6.60967827643153     -0.48823739156948     -0.34432586483741      c
   -8.17838567071232     -2.28841866267572     -1.54425055866898      c
  -10.35244604467556     -1.54668263620201     -2.80543696119428      c
  -11.10473014447782      1.00631072418802     -2.94073946258276      c
   -9.55649774387423      2.78065679344114     -1.73152846556157      c
  -13.51682798104387      1.73614997979216     -4.36646110696398      c
  -14.02715740494246      4.59852816882255     -4.28807677875279      c
  -15.80519410933310      0.35954496322122     -3.17386552696619      c
  -13.26362811184124      0.92461295017543     -7.16499206400563      c
    5.97206067967403      0.33291796611841      2.10102340379028      c
    6.40135259987086     -2.00298082153652      0.56625001065033      c
    4.32722850271914     -3.59429330879150     -0.08698730643115      c
    4.83495804140411     -5.79432777947864     -1.50326674521680      c
    7.28586801815043     -6.39964069696708     -2.23916502972081      c
    9.34727104589340     -4.84126141189296     -1.62985345173518      c
    8.82665943313317     -2.63977808817974     -0.23132874585845      c
   12.07005176398049     -5.43300458396637     -2.41496549597270      c
   13.07526550214837     -3.27850382034157     -4.11936373036228      c
   13.75142822078357     -5.62448599766896     -0.02911312080324      c
   12.27655914605610     -7.93574710292116     -3.88215018835341      c
   -5.31601504058646      3.47466948718235      2.81110595062032      h
   -6.72282468377499      5.88327265321085      0.89943726274268      h
  -14.27938217546052      5.27671667387220     -2.34864026610591      h
  -15.76295929718095      5.01278259331694     -5.33563417729808      h
  -12.48813552951056      5.67199050011528     -5.16289922477895      h
  -16.03920456554673      0.91265344039824     -1.19338246195952      h
  -15.57524750916824     -1.69455729657996     -3.24774928341930      h
  -17.53720086457891      0.84779803951760     -4.19913455063717      h
  -14.98758671245970      1.41482057021106     -8.20369042643995      h
  -12.96946729487264     -1.11509772231553     -7.33651400132006      h
  -11.66507324918198      1.88677948292663     -8.06043104419635      h
    4.90319699692568     -0.04811677371337      3.83086661158655      h
    7.75038613421777      1.24917662603297      2.59272749795054      h
   13.04357838537953     -1.45971044757992     -3.13487405177591      h
   11.92692863099106     -3.10738741825525     -5.83245300420961      h
   15.03058610780522     -3.67159746954513     -4.67811152826505      h
   13.74662491489900     -3.85759829951712      1.04616145785093      h
   15.70620080586189     -6.03595156433644     -0.57474225091891      h
   13.08560627252014     -7.13886168693054      1.21425429812463      h
   11.63337082563146     -9.54105168938187     -2.74463577875914      h
   14.25495916594649     -8.26925919893575     -4.38941901180718      h
   11.17260570566403     -7.88871862248772     -5.63231532201012      h
    7.58059140658879     -8.12076735400280     -3.31212091440992      h
   10.36647045819816     -1.37600049318103      0.27378862439303      h
  -10.05838141476712      4.76973867927028     -1.76471300131811      h
  -11.49771532340136     -2.99110028607893     -3.71156234266646      h
   -7.62850201118107     -4.26440210078739     -1.46546334084626      h
    3.26124060519981     -7.01732187199525     -1.99509253774001      h
   -1.59620895663790      6.00553415455629      0.86734120923868      h
    4.64367108052060      2.17588528248977     -1.91512178444027      h
$user-defined bonds
$end
