$coord
   -0.69899579214843     -2.25755835694220     -2.15996028862044      yb
    4.99937081829933     -2.86886757921838      4.67266527744989      fe
   -0.50946348233428     -4.20777037731210     -6.55494685681213      cl
   -4.53834217645475     -1.59923913702485     -1.16934844608023      o
    1.07005214031134      1.25891291013983     -2.99416294067656      o
   -0.57106943312712     -0.61570203162741      3.22510067298389      s
    4.65987282919196     -3.46893258744850     -1.62816028846915      s
    1.23103094799972     -2.69756124183966      5.10552273244494      c
    1.98315567558582     -5.23267941621748      4.45599473207898      c
    3.68388804337439     -6.10589821931896      6.35781421033367      c
    3.99000294198178     -4.13878390804435      8.19223073723880      c
    2.47888779780865     -2.03260629328108      7.43583975006392      c
    6.22494063406767     -2.33395436580479      1.09179775353194      c
    5.84578923457139      0.05490162007711      2.34156904211321      c
    7.45622865383257      0.11589445439524      4.50143600673365      c
    8.81764063712956     -2.21904418590241      4.62195302145741      c
    8.07457207920532     -3.73483716599714      2.51575298355848      c
   -3.88803625654984     -1.51916915772857      4.05661675547267      c
   -5.75775192108028      0.15280771925389      2.74979155919382      c
   -6.06989544750652     -0.07125606962276      0.09246843142028      c
   -8.00878182100637      1.35480289602413     -1.12902217639886      c
   -9.38721966995331      3.03770197136310      0.35444498607899      c
   -9.00902001523760      3.39079959412133      2.96289682298519      c
   -7.18064614067069      1.89235441490467      4.12966827066392      c
  -10.59425040549545      5.35387844910895      4.38646612246203      c
   -9.92455824308224      5.46934588432771      7.21396704634263      c
  -13.43133311751380      4.69264317750930      4.14367404441094      c
  -10.12203117720760      7.99592781725060      3.22605459500559      c
   -8.53653511525278      1.05169702736490     -3.96833493980285      c
  -10.87805104983903      2.56943485181502     -4.80425889371334      c
   -9.04093282586101     -1.75704351843828     -4.61421384507104      c
   -6.26376127308791      2.02921177025547     -5.52148525239271      c
    5.61465402929334     -1.16309303351688     -4.15929673658682      c
    5.50623126186540      1.53461611956721     -3.35287143942820      c
    3.11382440435064      2.67529579151817     -2.85659371000356      c
    3.02921695774102      5.28185176552506     -2.16298981213414      c
    5.33151296199581      6.53191077448115     -1.80833560902090      c
    7.70189281288761      5.39495676365323     -2.14226402520368      c
    7.72839462791672      2.87785167610847     -2.95742741960003      c
   10.19773068695925      6.76937385131144     -1.61918647194974      c
   11.59058947926544      5.40057130657879      0.55906617350596      c
   11.87724956502970      6.72199655828002     -4.01059198653598      c
    9.79838912314525      9.54417299857966     -0.84579217345663      c
    0.49937318708340      6.68861364449383     -1.93048247999946      c
   -1.22660551425147      5.49205046955168      0.10121530280920      c
   -0.84284319243500      6.59544342033518     -4.52825406694259      c
    0.86491428219113      9.48824443858887     -1.21952203239905      c
   -4.09600791263307     -3.48915416094248      3.48212767807588      h
   -4.03947143565929     -1.36128875093899      6.10755546998033      h
  -10.27524947293977      3.65886075929103      8.15454717200581      h
  -11.09394291810904      6.90078914670152      8.14524851179856      h
   -7.94120616073706      5.98540467548666      7.50516155435074      h
  -13.81875631212953      2.83312426543751      4.96423007267908      h
  -14.03341528451967      4.65572588580874      2.16581071101434      h
  -14.58372331666934      6.09950260558095      5.13622497966422      h
  -11.24890483108390      9.42665277197398      4.21395213874596      h
  -10.63970598454710      8.04367474238220      1.22465988817874      h
   -8.12435952374343      8.51265731129903      3.38114661967215      h
  -12.57923853612650      1.98471935816694     -3.77863847592066      h
  -11.20678058584726      2.24023576703391     -6.82040398531938      h
  -10.61770129057955      4.60633434583889     -4.53996892810243      h
  -10.65316511225478     -2.47147675706327     -3.52880435317163      h
   -7.39210948817867     -2.92350959774111     -4.20551614177085      h
   -9.48490502527258     -1.93671730013266     -6.62902199553521      h
   -4.54312091437785      0.97374875575383     -5.10522887888399      h
   -5.91819014044619      4.02555302906910     -5.11506600334939      h
   -6.65130510045970      1.83041614837094     -7.54593244797618      h
    4.23680787442765     -1.61538770431161     -5.63631722479650      h
    7.50921902386618     -1.70073347441345     -4.77024999733826      h
   11.96007253272986      3.42064918476595      0.09010725448809      h
   10.45147102734757      5.43922869583803      2.28616667903797      h
   13.40464387874614      6.32295514228961      0.94878277099469      h
   12.30164409755790      4.78715265857671     -4.60374506849115      h
   13.67515243140206      7.68294092401056     -3.64194026712994      h
   10.93418996425078      7.67946915527185     -5.58325921115565      h
    8.84205719399726     10.61894223883460     -2.33379806740019      h
   11.63432928123936     10.43495746789771     -0.50004110537989      h
    8.68369022291077      9.70148080902436      0.89109401977329      h
   -1.75476777247030      3.56750419830319     -0.40145282468964      h
   -2.96576624392237      6.60177141590700      0.28755109677484      h
   -0.28413459700830      5.45041123632766      1.94245718380573      h
   -1.16165350568559      4.64738917632794     -5.12260411981710      h
    0.30109446312814      7.54712195858486     -5.96685609893527      h
   -2.67353289274264      7.55867724680613     -4.41236470448129      h
    1.99806303975621     10.50289432140320     -2.62365899914025      h
    1.76592786520458      9.70388873576201      0.63291597274988      h
   -0.98902214345925     10.40308196600680     -1.12715765646464      h
    5.27569396516874      8.49556269415046     -1.24095024430118      h
    9.51685660396893      1.91272078422196     -3.26728619435521      h
   -6.84089098828611      2.03983795440374      6.14821065126721      h
  -10.84242895770984      4.15786012927297     -0.55492717010817      h
    2.32686345008942     -0.22824742028987      8.38139826578469      h
    7.57189826362423      1.64409924761760      5.85302507719726      h
    4.54600559129746      1.51435106273153      1.75257891795528      h
    8.73151625218508     -5.61559467556138      2.06432259963747      h
    1.38058258233563     -6.22418772777482      2.77619375803499      h
    4.62521649455360     -7.92003228987802      6.38033028742218      h
   10.14413262971343     -2.75987942514780      6.07958722738078      h
    5.20081063350902     -4.21436319709992      9.83706540751846      h
   -1.20059457907685     -6.60385115634405     -0.75495637542700      o
    0.27234172131882     -8.64275930136444     -1.92924980968732      c
   -1.70227422296376    -10.39626392647735     -3.05296296569837      c
   -3.80051131619159    -10.29956320069796     -1.04732922617632      c
   -3.77716115306991     -7.52704225566826     -0.23662896455581      c
    1.50345863430751     -7.76921489813160     -3.32930984960670      h
    1.39747133898270     -9.55807014003192     -0.44622311423692      h
   -0.97301120272151    -12.30224335712161     -3.37019050929305      h
   -2.35800329880477     -9.61104850722803     -4.84900728127283      h
   -3.33019191481088    -11.52975873623543      0.54894215436570      h
   -5.64801163841766    -10.86173778803981     -1.77730653021466      h
   -4.14004640378946     -7.25305859585307      1.77773117851809      h
   -5.07694706840932     -6.35324300738705     -1.32818791580239      h
$user-defined bonds
$end
